0 1 0 5 0 20 1 2 1 6 2 3 2 9 3 4 3 12 4 5 4 15 5 16 6 7 6 23 7 8 7 24 8 9 8 27 9 10 10 11 10 29 11 12 11 32 12 13 13 14 13 34 14 15 14 37 15 17 16 18 16 21 17 18 17 39 18 40 19 20 19 21 19 46 20 22 21 43 22 23 22 49 23 52 24 25 24 53 25 26 26 27 27 28 28 29 29 30 30 31 31 32 32 33 33 34 34 35 35 36 36 37 37 38 38 39 39 41 40 42 40 44 41 42 43 44 43 47 45 46 45 47 46 48 48 49 49 50 50 51 51 52 52 53
1 0 0 0 0 0 0 0 0 0 0 0 0 0 0 0 0 0 0 0 0 0 0 0 0 0 0 0 0 0 0 0 0 0 0 0 0 0 0 0 0 0 0 0 0 0 0 0 0 0 0 0 0 0 0 0 0 0 0 0 0 0 0 0 0 0 0 0 0 0 0 0 0 0 0 0 0 0 0 0 0 0 0 0 0 0 0 0 0 0 0 0 0 0 0 0 0 0 0 0 0 0 0 0 0 0 0 0 0 0 0 0 0 0 0 0 0 0 0 0 0 0 0 0 0 0 0
4 0 0 0 0 0 0 0 0 0 0 0 0 0 3 0 0 4 2 0 0 4 0 0 0 0 0 0 0 2 0 0 0 0 0 0 0 1 0 0 0 0 3 0 0 0 0 0 0 0 0 0 1 0 0 0 0 4 0 0 0 0 0 0 0 0 0 0 0 0 0 0 0 0 0 0 0 0 0 3 0 0 0 2 0 4 0 2 0 0 0 0 0 0 0 0 0 0 0 0 0 0 2 0 0 0 0 0 0 0 1 0 0 3 0 0 0 0 0 0 0 0 0 0 0 1 0
3 0 0 0 0 0 0 0 0 0 0 0 0 0 3 0 0 4 2 0 0 4 0 0 0 0 0 0 0 2 0 0 0 0 0 0 0 1 0 0 0 0 3 0 0 0 0 0 0 0 0 0 1 0 0 4 0 4 0 0 0 0 0 0 0 0 0 0 0 0 0 0 0 0 0 0 0 0 0 3 0 0 0 2 0 4 0 2 0 0 4 0 0 0 0 0 0 0 0 0 0 0 2 0 0 0 0 0 0 0 1 0 2 3 0 0 0 0 0 0 0 0 0 0 0 1 0
2 0 0 0 0 0 0 0 0 0 0 0 0 0 3 0 0 4 2 0 0 4 0 0 0 0 0 0 0 2 0 0 0 0 0 0 0 1 0 0 0 0 3 0 0 0 0 0 0 0 0 0 1 0 0 4 0 4 0 0 0 0 0 0 0 0 0 0 0 0 0 0 0 0 0 0 0 0 0 3 0 0 0 2 0 4 0 2 0 4 4 0 0 0 0 0 0 0 0 0 0 0 2 0 0 0 0 0 0 0 1 0 2 3 0 0 0 0 0 0 0 0 0 0 0 1 0
3 0 0 0 0 0 0 0 0 0 0 0 0 0 3 0 0 4 2 0 0 4 0 0 0 0 0 0 0 2 0 0 0 0 0 0 0 1 0 0 0 0 3 0 0 0 0 0 0 0 0 0 1 0 0 4 0 4 0 0 0 0 0 0 0 0 0 0 0 0 0 0 0 0 0 0 0 0 0 3 0 0 0 2 0 4 0 2 0 4 4 4 4 0 0 0 0 0 0 0 0 0 2 0 0 0 0 0 0 0 1 0 2 3 0 0 0 0 0 0 0 0 0 0 0 1 0
1 0 0 0 0 0 0 0 0 0 0 0 0 0 3 0 0 4 2 0 0 4 0 0 0 0 0 0 0 2 0 0 0 0 0 0 0 1 0 0 0 0 3 0 0 0 0 0 0 0 0 0 1 0 0 4 0 4 0 0 0 0 0 0 0 0 0 0 0 0 0 0 0 0 0 0 0 0 0 3 0 0 0 2 0 4 0 2 0 4 4 4 4 0 0 0 0 0 0 0 0 0 2 2 0 0 0 0 0 0 1 0 2 3 0 0 0 0 0 0 0 0 0 0 1 1 0
2 0 0 0 0 0 0 0 0 0 0 0 0 0 3 0 0 4 2 0 0 4 0 0 0 0 0 0 0 2 0 0 0 0 0 0 0 1 0 0 0 0 3 0 0 0 0 0 0 0 0 0 1 0 0 4 4 4 0 0 0 0 0 0 0 0 0 0 0 0 0 0 0 0 0 0 0 0 0 3 0 0 0 2 0 4 0 2 0 4 4 4 4 0 4 0 0 0 0 0 0 0 2 2 0 0 0 0 0 0 1 0 2 3 0 0 0 0 0 0 0 0 0 0 1 1 0
2 0 0 0 0 0 0 0 0 0 0 0 0 0 3 0 0 4 2 0 0 4 0 0 4 0 0 0 0 2 0 0 0 0 0 0 0 1 0 0 0 0 3 0 0 0 0 0 0 0 0 0 1 0 0 4 4 4 4 0 0 0 0 0 0 0 0 0 0 0 0 0 0 0 0 0 0 0 0 3 0 0 0 2 4 4 4 2 0 4 4 4 4 0 4 0 0 0 0 0 0 0 2 2 2 0 0 0 0 0 1 0 2 3 0 0 0 0 0 0 0 0 0 0 1 1 0
3 0 4 0 0 0 0 0 0 0 0 0 0 0 3 0 0 4 2 0 0 4 0 0 4 0 0 0 0 2 0 0 0 0 0 0 0 1 0 0 0 0 3 0 0 0 0 0 0 0 0 0 1 0 0 4 4 4 4 0 0 0 0 0 0 0 0 0 0 0 0 0 0 0 0 0 0 0 0 3 0 0 1 2 4 4 4 2 0 4 4 4 4 0 4 0 0 0 0 0 0 2 2 2 2 0 0 0 0 0 1 0 2 3 0 0 0 0 0 0 0 0 0 0 1 1 0
4 0 4 0 0 0 0 0 0 0 0 0 0 0 3 0 0 4 2 0 0 4 0 0 4 0 0 0 0 2 0 0 0 0 0 0 0 1 0 0 0 0 3 0 0 0 0 4 0 0 0 0 1 0 0 4 4 4 4 4 0 0 0 0 0 0 0 4 0 0 0 0 0 0 0 0 0 0 0 3 0 0 1 2 4 4 4 2 0 4 4 4 4 0 4 0 0 0 0 0 0 2 2 2 2 0 0 0 0 0 1 0 2 3 0 0 0 0 0 4 0 0 0 0 1 1 0
4 0 4 0 0 0 0 0 0 0 0 0 0 0 3 0 0 4 2 0 0 4 0 0 4 0 0 0 0 2 0 0 0 0 0 0 0 1 0 0 0 0 3 0 0 0 0 4 0 0 0 0 1 0 0 4 4 4 4 4 0 0 0 0 0 0 0 4 0 0 0 0 0 0 0 0 0 0 0 3 0 0 1 2 4 4 4 2 0 4 4 4 4 0 4 0 0 0 0 0 0 2 2 2 2 0 0 0 0 1 1 0 2 3 0 0 0 0 0 4 0 0 0 0 1 1 0
2 0 4 0 0 0 0 0 0 0 0 0 0 0 3 0 0 4 2 0 0 4 0 0 4 0 0 0 0 2 0 0 0 0 0 0 0 1 0 0 0 0 3 0 0 0 0 4 0 0 0 0 1 0 0 4 4 4 4 4 0 0 0 0 0 0 0 4 0 0 0 0 0 0 0 0 0 0 0 3 0 2 1 2 4 4 4 2 0 4 4 4 4 0 4 0 0 0 0 0 0 2 2 2 2 0 0 0 0 1 1 0 2 3 0 0 0 0 0 4 0 0 0 0 1 1 0
3 0 4 0 0 0 0 0 0 0 0 0 0 0 3 0 0 4 2 0 0 4 0 0 4 0 0 0 0 2 0 0 0 0 0 0 0 1 0 0 0 0 3 0 0 0 0 4 0 0 0 0 1 0 0 4 4 4 4 4 0 0 0 0 0 0 0 4 0 0 0 0 0 0 0 0 0 0 0 3 0 2 1 2 4 4 4 2 0 4 4 4 4 0 4 0 0 0 0 0 0 2 2 2 2 0 0 0 0 1 1 0 2 3 0 0 0 0 0 4 0 0 0 0 1 1 0
1 0 4 0 0 0 0 0 0 0 0 0 0 0 3 0 0 4 2 0 0 4 0 0 4 0 0 0 0 2 0 0 0 0 0 0 0 1 0 0 0 0 3 0 0 0 0 4 0 0 0 0 1 0 0 4 4 4 4 4 0 0 0 0 0 0 0 4 0 0 0 0 0 0 0 0 0 0 0 3 3 2 1 2 4 4 4 2 0 4 4 4 4 0 4 0 0 0 0 0 0 2 2 2 2 0 0 0 0 1 1 0 2 3 0 0 0 0 0 4 0 0 0 0 1 1 0
3 0 4 0 0 0 0 0 0 0 0 0 0 0 3 0 0 4 2 0 0 4 0 0 4 0 0 0 0 2 0 0 0 0 0 0 0 1 0 0 0 0 3 0 0 0 0 4 0 0 0 0 1 0 0 4 4 4 4 4 0 0 0 0 0 0 0 4 0 0 0 0 0 0 0 0 0 2 0 3 3 2 1 2 4 4 4 2 0 4 4 4 4 0 4 0 0 0 0 0 0 2 2 2 2 2 0 0 0 1 1 2 2 3 0 0 0 0 0 4 0 0 0 0 1 1 0
2 0 4 0 0 0 0 0 0 0 0 0 0 0 3 0 0 4 2 0 0 4 0 0 4 0 0 0 0 2 0 0 0 0 0 0 0 1 0 0 0 0 3 0 0 0 0 4 0 0 0 0 1 0 0 4 4 4 4 4 0 0 0 0 0 0 0 4 0 0 0 0 0 0 0 2 0 2 3 3 3 2 1 2 4 4 4 2 0 4 4 4 4 0 4 0 0 0 0 0 0 2 2 2 2 2 0 0 0 1 1 2 2 3 0 0 0 0 0 4 0 0 0 0 1 1 0
2 0 4 0 0 0 0 0 0 0 0 0 0 0 3 0 0 4 2 0 0 4 0 0 4 0 0 0 0 2 0 0 0 0 0 0 0 1 0 0 0 0 3 0 0 0 0 4 0 0 0 0 1 0 0 4 4 4 4 4 0 0 0 0 0 0 0 4 0 0 0 0 0 0 0 2 0 2 3 3 3 2 1 2 4 4 4 2 0 4 4 4 4 0 4 0 0 0 0 0 0 2 2 2 2 2 0 0 0 1 1 2 2 3 0 0 0 0 0 4 0 0 0 0 1 1 0
1 0 0 0 0 0 0 0 0 0 0 0 0 0 0 0 0 0 0 0 0 0 0 0 0 0 0 0 0 0 0 0 0 0 0 0 0 0 0 0 0 0 0 0 0 0 0 0 0 0 0 0 0 0 0 0 0 0 0 0 0 0 0 0 0 0 0 0 0 0 0 0 0 0 0 0 0 0 0 0 0 0 0 0 0 0 0 0 0 0 0 0 0 0 0 0 0 0 0 0 0 0 0 0 0 0 0 0 0 0 0 0 0 0 0 0 0 0 0 0 0 0 0 0 0 0 0
2 0 0 0 0 0 3 0 0 0 0 0 0 0 0 4 0 0 0 0 0 0 0 0 1 0 0 0 0 0 0 0 0 0 0 0 0 3 0 0 0 0 0 0 0 0 0 0 2 2 0 1 0 0 4 0 0 0 0 0 0 0 0 0 0 0 3 0 0 0 0 0 0 0 0 0 0 0 0 0 0 4 0 0 0 0 0 0 0 0 0 0 0 0 1 0 0 0 4 0 0 0 0 0 0 0 0 0 0 0 3 0 0 0 0 0 0 0 2 0 0 0 2 0 1 0 0
4 0 0 0 0 0 3 0 0 0 0 0 0 0 0 4 0 0 0 0 0 0 0 0 1 0 0 0 0 0 0 0 0 0 0 0 0 3 0 0 0 0 0 0 0 0 0 0 2 2 0 1 0 0 4 0 0 0 0 0 0 0 0 0 3 4 3 0 0 0 0 0 0 0 0 0 0 0 0 0 0 4 0 0 0 0 0 0 0 0 0 0 0 0 1 0 0 0 4 0 0 0 0 0 0 0 0 0 0 0 3 3 0 0 0 0 0 0 2 0 0 0 2 0 1 0 4
2 0 0 0 0 0 3 0 0 0 0 0 0 0 0 4 0 0 0 0 0 0 0 0 1 0 0 0 0 0 0 0 0 0 0 0 0 3 0 0 0 0 0 0 0 0 0 0 2 2 0 1 0 0 4 0 0 0 0 0 0 0 0 0 3 4 3 0 0 0 0 0 0 0 0 0 0 0 0 0 0 4 0 4 0 0 0 0 0 0 0 0 0 0 1 0 0 0 4 0 0 0 0 0 0 0 0 0 0 0 3 3 0 0 0 0 0 0 2 0 0 0 2 0 1 0 4
3 0 0 0 0 0 3 0 0 0 0 0 0 0 0 4 0 0 0 0 0 0 0 0 1 0 0 0 0 0 0 0 0 0 0 0 0 3 0 0 0 0 0 0 0 0 0 0 2 2 0 1 0 0 4 0 3 0 0 0 0 0 0 0 3 4 3 0 0 0 0 0 0 0 0 0 0 0 0 0 0 4 0 4 0 0 4 0 0 0 0 0 0 0 1 0 0 0 4 0 0 0 0 0 0 0 0 0 0 0 3 3 0 0 0 0 0 0 2 0 0 0 2 0 1 1 4
1 0 0 0 0 0 3 0 0 0 0 0 0 0 0 4 0 0 0 0 0 0 0 0 1 0 0 0 0 0 0 0 0 0 0 0 0 3 0 0 0 0 0 0 0 0 0 0 2 2 0 1 0 0 4 0 3 0 0 0 3 0 3 0 3 4 3 0 0 0 0 0 0 0 0 0 0 0 0 0 0 4 0 4 0 0 4 0 0 0 0 0 1 0 1 0 4 0 4 0 0 0 0 0 0 0 0 0 0 0 3 3 0 0 0 0 0 0 2 0 0 0 2 0 1 1 4
3 0 0 0 0 0 3 0 0 0 0 0 0 0 0 4 0 0 0 0 0 0 0 0 1 0 0 0 0 0 0 0 0 0 0 0 0 3 0 0 0 0 0 0 0 0 0 0 2 2 0 1 0 0 4 0 3 1 0 0 3 0 3 0 3 4 3 0 0 4 4 0 0 0 0 0 0 0 0 0 0 4 0 4 4 0 4 0 4 0 0 0 1 0 1 0 4 4 4 0 0 0 0 0 0 0 0 0 0 0 3 3 0 0 0 0 0 0 2 0 0 0 2 0 1 1 4
3 0 0 0 0 0 3 0 0 0 0 0 0 0 0 4 0 0 0 0 0 0 0 0 1 0 0 0 0 0 0 0 0 0 0 0 0 3 0 0 0 0 0 0 0 0 0 0 2 2 0 1 0 0 4 0 3 1 0 0 3 0 3 0 3 4 3 0 0 4 4 0 0 0 0 0 0 0 0 0 0 4 0 4 4 3 4 0 4 0 0 0 1 0 1 0 4 4 4 0 0 0 0 0 0 0 0 0 0 0 3 3 0 0 0 0 0 0 2 0 0 0 2 0 1 1 4
3 0 0 0 0 0 3 0 0 0 0 0 0 0 0 4 0 0 0 0 0 0 0 0 1 0 0 0 0 0 0 0 0 0 0 0 0 3 0 0 0 0 0 0 0 0 0 0 2 2 0 1 0 0 4 0 3 1 0 0 3 0 3 0 3 4 3 0 0 4 4 4 0 0 0 0 0 0 0 0 0 4 0 4 4 3 4 0 4 1 3 0 1 0 1 0 4 4 4 0 0 0 0 0 0 0 0 0 3 3 3 3 0 0 0 0 0 0 2 0 0 0 2 0 1 1 4
4 0 0 0 0 0 3 0 0 0 0 0 0 0 0 4 0 0 0 0 0 0 0 0 1 0 0 0 0 0 0 0 0 0 0 0 0 3 0 0 0 0 0 0 0 0 0 0 2 2 0 1 0 0 4 3 3 1 0 3 3 0 3 3 3 4 3 0 0 4 4 4 0 0 0 0 0 0 0 4 0 4 0 4 4 3 4 0 4 1 3 0 1 0 1 0 4 4 4 0 0 0 0 0 0 0 0 0 3 3 3 3 0 0 0 0 0 0 2 0 0 0 2 0 1 1 4
4 0 0 0 0 0 3 0 0 0 0 0 0 0 0 4 0 0 0 0 0 0 0 0 1 0 0 0 0 0 0 0 0 0 0 0 0 3 0 0 0 0 0 0 0 0 0 0 2 2 0 1 0 0 4 3 3 1 0 3 3 0 3 3 3 4 3 0 0 4 4 4 0 0 0 0 0 0 0 4 0 4 0 4 4 3 4 0 4 1 3 0 1 0 1 0 4 4 4 0 0 0 0 0 0 0 0 3 3 3 3 3 0 0 0 0 0 0 2 0 0 0 2 0 1 1 4
2 0 0 0 0 0 3 0 0 0 0 0 0 0 0 4 0 0 0 0 1 0 0 0 1 0 0 0 0 0 0 0 0 0 0 0 0 3 0 0 0 0 0 0 0 0 0 0 2 2 0 1 0 0 4 3 3 1 0 3 3 0 3 3 3 4 3 0 0 4 4 4 0 0 0 0 0 0 0 4 0 4 0 4 4 3 4 0 4 1 3 0 1 0 1 0 4 4 4 0 0 0 0 0 0 0 0 3 3 3 3 3 0 0 0 0 0 0 2 0 0 0 2 0 1 1 4
2 0 0 0 0 0 3 0 0 0 0 0 0 0 0 4 0 0 0 0 1 0 0 0 1 0 0 0 0 0 0 0 0 0 0 0 0 3 0 0 0 0 0 0 0 0 0 0 2 2 0 1 0 0 4 3 3 1 0 3 3 0 3 3 3 4 3 1 1 4 4 4 0 0 0 0 0 0 0 4 0 4 0 4 4 3 4 0 4 1 3 0 1 0 1 1 4 4 4 0 0 0 0 0 0 0 0 3 3 3 3 3 0 0 0 0 0 0 2 0 0 0 2 0 1 1 4
4 0 0 0 3 0 3 0 0 0 0 0 0 0 0 4 0 0 0 0 1 0 0 0 1 0 0 0 0 0 0 0 0 0 0 0 0 3 0 0 0 0 0 0 0 0 0 0 2 2 0 1 0 0 4 3 3 1 0 3 3 0 3 3 3 4 3 1 1 4 4 4 0 0 0 0 0 0 0 4 0 4 0 4 4 3 4 0 4 1 3 0 1 0 1 1 4 4 4 0 0 0 0 0 0 0 0 3 3 3 3 3 0 0 0 0 0 0 2 0 0 0 2 0 1 1 4
2 0 0 0 0 0 0 0 0 0 0 0 2 0 0 0 0 0 0 0 0 1 0 0 1 3 0 0 0 0 4 0 0 0 2 0 0 0 0 0 0 0 0 0 0 0 0 4 0 0 0 3 0 0 0 0 0 1 0 0 0 0 0 0 0 0 0 0 1 0 0 0 0 0 0 4 0 2 0 0 0 0 0 0 0 0 0 0 0 0 0 0 0 0 0 0 0 3 0 0 0 0 0 0 0 0 2 0 0 0 0 0 0 0 0 0 0 0 0 0 0 4 0 3 0 0 0
4 0 0 0 0 0 0 0 0 0 0 0 2 0 0 0 0 0 0 0 0 1 0 0 1 3 0 0 0 0 4 0 0 0 2 0 0 0 0 0 0 0 0 0 0 0 0 4 0 0 0 3 0 0 0 0 0 1 0 0 0 0 0 0 0 0 0 0 1 0 0 0 0 0 2 4 0 2 0 0 0 0 0 0 0 0 0 0 0 0 0 0 0 0 0 0 0 3 0 0 0 0 0 0 0 0 2 0 0 0 0 0 0 0 0 0 0 0 0 0 0 4 0 3 0 0 0
3 0 0 0 0 0 0 0 0 0 0 0 2 0 0 0 0 0 0 0 0 1 0 0 1 3 0 0 0 0 4 0 0 0 2 0 0 0 0 0 0 0 0 0 0 0 0 4 0 0 0 3 0 0 0 0 0 1 0 0 0 0 0 0 0 0 0 0 1 0 0 0 0 0 2 4 0 2 0 0 0 0 0 0 0 0 0 0 0 0 0 0 0 0 0 0 0 3 0 0 0 0 0 0 0 0 2 0 0 0 0 0 0 0 0 0 0 0 0 0 0 4 0 3 0 0 0
1 0 0 0 0 0 0 0 0 0 0 0 2 0 0 0 0 0 0 0 0 1 0 0 1 3 0 0 0 0 4 0 0 0 2 0 0 0 0 0 0 0 0 0 0 0 0 4 0 0 0 3 0 0 0 0 0 1 0 0 0 0 0 0 0 0 0 0 1 0 0 0 0 2 2 4 2 2 0 0 0 0 0 0 0 0 0 0 0 0 0 0 1 0 0 1 0 3 0 0 0 0 0 0 0 0 2 0 0 0 0 0 0 0 0 0 0 0 0 0 0 4 0 3 0 0 0
4 0 0 0 0 0 0 0 0 0 0 0 2 0 0 0 0 0 0 0 0 1 0 0 1 3 0 0 0 0 4 0 0 0 2 0 0 0 0 0 0 0 0 0 0 0 0 4 0 0 0 3 0 0 0 0 1 1 0 0 0 0 0 0 0 0 0 0 1 0 0 0 0 2 2 4 2 2 0 0 0 0 0 0 0 0 0 0 0 0 0 0 1 0 1 1 0 3 0 0 0 0 4 4 0 0 2 0 0 0 0 0 0 0 0 0 0 0 0 0 0 4 0 3 0 0 0
4 0 0 0 0 0 0 0 0 0 0 0 2 0 0 0 0 0 0 0 0 1 0 0 1 3 0 0 0 0 4 0 0 0 2 0 0 0 0 0 0 0 0 0 0 0 0 4 0 0 0 3 0 0 0 1 1 1 0 0 0 0 0 0 0 0 0 0 1 0 0 0 0 2 2 4 2 2 0 0 0 0 0 0 0 0 0 0 0 0 0 0 1 0 1 1 1 3 0 3 3 0 4 4 0 0 2 0 0 0 0 0 0 0 0 0 0 0 0 0 0 4 0 3 0 0 0
4 0 0 0 0 0 0 0 0 0 0 0 2 0 0 0 0 0 0 0 0 1 0 0 1 3 0 0 0 0 4 0 0 0 2 0 0 0 0 0 0 0 0 0 0 0 0 4 0 0 0 3 0 0 0 1 1 1 0 0 0 0 0 0 0 0 0 0 1 0 0 0 0 2 2 4 2 2 0 0 0 0 0 0 0 0 0 0 0 0 0 4 1 0 1 1 1 3 0 3 3 4 4 4 0 0 2 0 0 0 0 0 0 0 0 0 0 0 0 0 0 4 4 3 0 1 0
4 1 0 0 0 0 0 0 3 0 0 0 0 0 0 0 0 0 2 0 0 0 0 0 0 0 0 0 0 0 0 3 0 0 0 0 0 0 4 0 0 1 0 0 2 0 4 0 0 0 0 0 0 0 0 0 0 1 0 0 0 0 0 0 0 0 0 3 0 0 0 0 0 0 0 0 0 0 0 0 0 0 0 2 0 0 0 0 1 0 0 0 0 2 0 0 0 0 0 0 0 0 0 3 3 0 0 0 0 0 4 0 0 0 1 0 0 0 0 4 0 0 0 0 0 0 0
2 1 0 0 0 0 0 0 3 0 0 0 0 0 0 0 0 0 2 0 0 0 0 0 0 0 0 0 0 0 0 3 0 0 0 0 0 0 4 0 0 1 0 0 2 0 4 0 0 0 0 0 0 0 0 0 0 1 0 0 0 0 0 0 0 0 0 3 0 0 0 0 0 0 0 0 0 0 0 0 0 0 4 2 0 0 0 0 1 0 0 0 0 2 0 0 0 0 0 0 0 0 0 3 3 0 0 0 0 0 4 0 0 0 1 0 0 0 0 4 0 0 0 0 0 0 0
4 1 0 0 0 0 0 0 3 0 0 0 0 0 0 0 0 0 2 0 0 0 0 0 0 0 0 0 0 0 0 3 0 0 0 0 0 0 4 0 0 1 0 0 2 0 4 0 0 0 0 0 0 0 0 0 0 1 0 0 0 0 0 0 0 0 0 3 0 0 0 0 0 0 0 3 0 0 0 4 0 0 4 2 0 0 0 0 1 0 0 0 0 2 0 0 0 0 0 0 0 0 0 3 3 0 0 0 0 0 4 0 0 0 1 0 0 0 0 4 0 0 0 0 0 0 0
3 1 0 0 0 0 0 0 3 0 0 0 0 0 0 0 0 0 2 0 0 0 0 0 0 0 0 0 0 0 0 3 0 0 0 0 0 0 4 0 0 1 0 0 2 0 4 0 0 0 0 0 0 0 0 1 0 1 0 0 0 0 0 0 0 0 0 3 0 0 3 0 0 0 0 3 0 0 0 4 0 0 4 2 0 0 0 0 1 1 0 0 0 2 0 0 0 0 0 0 0 0 0 3 3 0 0 0 0 0 4 0 0 0 1 0 0 0 0 4 0 0 0 0 0 0 0
2 1 0 0 0 0 0 0 3 0 0 0 0 0 0 0 0 0 2 0 0 0 0 0 0 0 0 0 0 0 0 3 0 0 0 0 0 0 4 0 0 1 0 0 2 0 4 0 0 0 0 0 0 0 0 1 0 1 0 0 0 0 0 0 0 0 0 3 0 0 3 0 0 0 0 3 0 0 0 4 0 0 4 2 0 0 0 0 1 1 0 1 0 2 0 0 0 0 0 0 0 0 0 3 3 3 0 0 0 0 4 0 0 0 1 0 0 0 0 4 0 0 0 0 0 0 0
3 1 0 0 0 0 0 0 3 0 0 0 0 0 0 0 0 0 2 0 0 0 0 0 0 0 0 0 0 0 0 3 0 0 0 0 0 0 4 0 0 1 0 0 2 0 4 0 0 0 0 0 0 0 0 1 0 1 0 0 0 0 0 0 0 0 0 3 0 0 3 0 0 0 0 3 0 0 0 4 4 0 4 2 0 0 0 0 1 1 2 1 0 2 0 0 0 0 0 0 0 0 0 3 3 3 0 0 0 4 4 0 0 0 1 0 0 0 0 4 0 0 0 0 0 0 0
3 1 0 0 0 0 0 0 3 0 0 0 0 0 0 0 0 0 2 0 0 0 0 0 0 0 0 0 0 0 0 3 0 0 0 0 0 0 4 0 0 1 0 0 2 0 4 0 0 0 0 0 0 0 0 1 0 1 0 1 0 0 0 0 0 0 0 3 0 0 3 0 0 0 0 3 0 0 0 4 4 0 4 2 0 0 0 0 1 1 2 1 1 2 0 0 0 0 0 0 0 0 3 3 3 3 3 0 0 4 4 0 0 0 1 0 0 0 0 4 0 0 0 0 0 0 0
2 1 0 0 0 0 0 0 3 0 0 0 0 0 0 0 0 0 2 0 0 0 0 0 0 0 0 0 0 0 0 3 0 0 0 0 0 0 4 0 0 1 0 0 2 0 4 0 0 0 0 0 0 0 0 1 0 1 0 1 0 0 0 0 0 0 0 3 0 0 3 0 0 0 0 3 0 0 0 4 4 0 4 2 0 0 0 0 1 1 2 1 1 2 0 0 0 0 0 0 0 0 3 3 3 3 3 0 0 4 4 0 0 0 1 0 0 0 0 4 0 0 0 0 0 0 0
2 1 0 0 0 0 0 0 3 0 0 0 0 0 0 0 0 0 2 0 0 0 0 0 0 0 0 0 0 0 0 3 0 0 0 0 0 0 4 0 0 1 0 0 2 0 4 0 0 0 0 0 0 0 0 1 0 1 0 1 0 0 0 0 0 0 0 3 0 0 3 0 0 0 0 3 0 0 0 4 4 0 4 2 0 0 0 2 1 1 2 1 1 2 1 0 0 0 0 0 0 0 3 3 3 3 3 3 0 4 4 0 0 0 1 0 1 0 0 4 0 0 0 0 0 0 0
3 1 0 0 0 0 0 0 3 0 0 0 0 0 0 0 0 0 2 0 1 0 0 0 1 0 0 0 0 0 0 3 0 0 0 0 0 0 4 0 0 1 0 0 2 0 4 0 0 0 0 0 0 0 0 1 0 1 0 1 0 0 0 0 0 0 0 3 0 0 3 0 0 0 0 3 0 0 0 4 4 0 4 2 0 0 0 2 1 1 2 1 1 2 1 0 0 0 0 0 0 0 3 3 3 3 3 3 3 4 4 4 0 0 1 0 1 0 2 4 2 0 0 0 0 0 0
2 1 0 0 0 0 0 0 3 0 0 0 0 0 0 0 0 0 2 0 1 0 0 0 1 0 0 0 0 0 0 3 0 0 0 0 0 0 4 0 0 1 0 0 2 0 4 0 0 1 0 0 0 0 0 1 0 1 0 1 0 0 0 0 0 0 0 3 0 0 3 0 0 0 0 3 0 0 0 4 4 2 4 2 0 0 1 2 1 1 2 1 1 2 1 0 0 0 0 0 0 0 3 3 3 3 3 3 3 4 4 4 0 0 1 1 1 0 2 4 2 1 0 0 0 0 0
2 1 0 0 0 0 0 0 3 0 0 0 0 0 0 0 0 0 2 0 1 0 0 0 1 0 0 0 0 0 0 3 0 0 0 0 0 0 4 0 0 1 0 0 2 0 4 0 0 1 0 0 0 0 0 1 0 1 0 1 0 0 0 0 0 0 0 3 0 3 3 0 0 0 0 3 0 0 0 4 4 2 4 2 0 0 1 2 1 1 2 1 1 2 1 1 0 0 0 0 0 0 3 3 3 3 3 3 3 4 4 4 0 0 1 1 1 2 2 4 2 1 0 0 0 0 0
1 1 0 0 0 0 0 0 3 0 0 0 0 0 0 0 0 0 2 0 1 0 0 0 1 0 0 0 0 0 0 3 0 0 0 0 0 0 4 0 0 1 1 0 2 0 4 0 0 1 0 0 0 0 0 1 1 1 0 1 0 0 0 0 0 0 0 3 0 3 3 0 0 0 0 3 0 3 4 4 4 2 4 2 0 0 1 2 1 1 2 1 1 2 1 1 0 0 0 0 0 0 3 3 3 3 3 3 3 4 4 4 4 4 1 1 1 2 2 4 2 1 0 0 0 0 0
3 0 0 0 3 0 0 0 0 0 0 0 0 0 0 0 0 0 1 0 0 0 0 0 4 0 2 0 2 0 0 0 0 0 0 0 0 0 0 0 0 0 0 1 0 3 0 0 0 0 0 4 0 0 0 0 0 0 0 0 0 0 0 3 0 0 0 0 0 0 0 0 2 0 0 0 0 0 0 0 0 0 0 0 0 0 0 1 0 0 0 0 0 0 0 0 4 0 0 2 0 0 0 0 0 0 0 0 0 0 0 0 0 0 1 0 0 3 0 0 0 0 0 0 4 0 0
4 0 0 0 3 0 0 0 0 0 0 0 0 0 0 0 0 0 1 0 0 0 0 0 4 0 2 0 2 0 0 0 0 0 0 0 0 0 0 0 0 0 0 1 0 3 0 0 0 0 0 4 0 0 0 0 0 0 0 0 0 0 0 3 0 0 0 0 0 0 0 0 2 0 0 0 0 0 0 0 0 0 0 0 0 0 0 1 0 0 0 0 0 0 0 0 4 0 0 2 0 0 0 0 0 0 0 0 0 0 0 0 0 0 1 1 0 3 0 0 0 0 0 0 4 0 0
3 0 0 0 3 0 0 0 0 0 0 0 0 0 0 0 0 0 1 0 0 0 0 0 4 0 2 0 2 0 0 0 0 0 0 0 0 0 0 0 0 0 0 1 0 3 0 0 0 0 0 4 0 0 0 0 0 0 0 0 0 0 0 3 0 0 0 0 0 0 0 0 2 0 0 0 3 0 0 0 0 0 0 0 0 0 0 1 0 0 0 0 0 0 0 0 4 0 0 2 2 0 0 0 0 0 0 0 0 0 0 0 0 0 1 1 0 3 0 0 0 0 0 0 4 0 0
4 0 0 0 3 0 0 0 0 0 0 0 0 0 0 0 0 0 1 0 0 0 0 0 4 0 2 0 2 0 0 0 0 0 0 0 0 0 0 0 0 0 0 1 0 3 0 0 0 0 0 4 0 0 0 0 0 0 0 0 0 0 0 3 0 0 0 0 0 0 0 0 2 0 0 0 3 0 3 0 0 0 0 0 0 0 0 1 0 0 0 0 0 0 0 0 4 0 0 2 2 0 0 0 0 0 0 0 0 0 0 0 0 0 1 1 0 3 0 0 0 0 0 0 4 0 0
3 0 0 0 3 0 0 0 0 0 0 0 0 0 0 0 0 0 1 0 0 0 0 0 4 0 2 0 2 0 0 0 0 0 0 0 0 0 0 0 0 0 0 1 0 3 0 0 0 0 0 4 0 0 0 0 0 0 0 0 0 0 0 3 0 0 0 0 0 0 0 0 2 0 0 0 3 0 3 0 0 0 0 0 0 0 0 1 0 0 0 0 0 0 0 0 4 2 0 2 2 0 0 0 0 0 0 0 0 0 0 0 0 0 1 1 0 3 0 0 0 0 0 0 4 0 0
3 0 0 0 3 0 0 0 0 0 0 0 0 0 0 0 0 0 1 0 0 0 0 0 4 0 2 0 2 0 0 0 0 0 0 0 0 0 0 0 0 0 0 1 0 3 0 0 0 0 0 4 0 0 0 0 0 0 0 0 0 0 3 3 0 0 0 0 0 0 0 0 2 0 0 0 3 0 3 0 0 0 0 1 0 0 0 1 0 0 0 0 0 0 0 0 4 2 0 2 2 0 0 0 0 0 0 0 0 0 0 0 0 0 1 1 0 3 0 0 0 0 0 0 4 0 0
1 0 0 0 3 0 0 0 0 0 0 0 0 0 0 0 0 0 1 0 0 0 0 0 4 0 2 0 2 0 0 0 0 0 0 0 0 0 0 0 0 0 0 1 0 3 0 0 0 0 0 4 0 0 0 0 0 0 0 0 0 0 3 3 0 0 0 0 0 0 0 0 2 0 0 0 3 0 3 0 0 0 0 1 0 0 0 1 0 0 0 0 0 0 0 0 4 2 0 2 2 0 0 0 0 0 0 0 0 0 0 0 0 1 1 1 0 3 3 0 0 0 0 0 4 0 0
2 0 0 0 3 0 0 0 0 0 0 0 0 0 0 0 0 0 1 0 0 0 0 0 4 0 2 0 2 0 0 0 0 0 0 0 0 0 0 0 0 0 0 1 0 3 0 0 0 0 0 4 0 0 0 0 0 0 0 0 0 0 3 3 0 3 0 0 0 0 0 0 2 0 0 0 3 0 3 0 0 0 0 1 0 0 0 1 0 0 0 0 0 0 0 0 4 2 0 2 2 0 0 0 0 0 0 0 0 0 0 0 0 1 1 1 0 3 3 0 0 0 0 0 4 0 0
1 0 0 0 3 0 0 0 0 0 0 0 0 0 0 0 0 0 1 0 0 0 0 0 4 0 2 0 2 0 0 0 0 0 0 0 0 0 0 0 0 0 0 1 0 3 0 0 0 0 0 4 0 0 0 0 0 0 0 0 0 0 3 3 0 3 0 0 0 0 0 0 2 0 0 0 3 0 3 0 0 0 0 1 0 0 0 1 1 0 0 0 0 0 0 0 4 2 0 2 2 0 0 0 0 0 0 0 0 0 0 1 1 1 1 1 1 3 3 0 0 0 0 0 4 0 0
3 0 0 0 3 0 0 0 0 0 0 0 0 0 0 0 0 0 1 0 0 0 0 0 4 0 2 0 2 0 0 0 0 0 0 0 0 0 0 0 0 0 0 1 0 3 0 0 0 0 0 4 0 0 0 0 0 0 0 0 0 0 3 3 0 3 0 0 0 0 0 0 2 0 0 0 3 0 3 0 0 0 1 1 0 0 0 1 1 0 0 0 0 0 4 0 4 2 2 2 2 2 0 0 0 0 0 0 0 0 0 1 1 1 1 1 1 3 3 0 0 0 0 0 4 0 0
2 0 0 0 3 0 0 0 0 0 0 0 0 0 0 0 0 0 1 0 0 0 0 0 4 0 2 0 2 0 0 0 0 0 0 0 0 0 0 0 0 0 0 1 0 3 0 0 0 0 0 4 0 0 0 0 0 0 0 0 0 0 3 3 0 3 0 0 4 0 0 0 2 0 0 0 3 0 3 0 0 1 1 1 0 0 0 1 1 0 0 0 4 0 4 0 4 2 2 2 2 2 0 0 0 0 0 0 0 0 0 1 1 1 1 1 1 3 3 0 0 0 0 0 4 0 0
1 0 0 0 3 0 0 0 0 0 0 0 0 0 0 0 0 0 1 0 0 0 0 0 4 0 2 0 2 0 0 0 0 0 0 0 0 0 0 0 0 0 0 1 0 3 0 0 0 0 0 4 0 0 0 0 0 0 0 0 0 0 3 3 0 3 0 0 4 0 0 0 2 0 0 0 3 0 3 0 0 1 1 1 0 0 1 1 1 0 0 0 4 0 4 0 4 2 2 2 2 2 2 0 0 0 0 0 0 0 0 1 1 1 1 1 1 3 3 0 0 0 0 0 4 0 0
3 0 0 0 3 0 0 0 0 0 0 0 0 0 0 0 0 0 1 0 0 0 0 0 4 0 2 0 2 0 0 0 0 0 0 0 0 0 0 0 0 0 0 1 0 3 0 0 0 0 0 4 0 0 0 0 0 0 0 0 0 0 3 3 0 3 0 0 4 0 0 0 2 0 0 0 3 0 3 0 0 1 1 1 0 0 1 1 1 0 0 0 4 0 4 0 4 2 2 2 2 2 2 0 0 0 0 0 0 0 0 1 1 1 1 1 1 3 3 0 0 0 0 0 4 0 2
1 0 0 0 3 0 0 0 0 0 0 0 0 0 0 0 0 0 1 0 0 0 0 0 4 0 2 0 2 0 0 0 0 0 0 0 0 0 0 0 0 0 0 1 0 3 0 0 0 0 0 4 0 0 0 0 0 4 0 0 0 0 3 3 0 3 0 0 4 0 0 0 2 0 0 0 3 0 3 0 0 1 1 1 0 0 1 1 1 0 0 0 4 0 4 0 4 2 2 2 2 2 2 2 0 0 0 0 0 0 0 1 1 1 1 1 1 3 3 0 0 0 0 0 4 0 2
1 0 0 0 3 0 0 0 0 0 0 0 0 0 0 0 0 0 1 0 0 0 0 0 4 0 2 0 2 0 0 0 0 0 0 0 0 0 0 0 0 0 0 1 0 3 0 0 0 0 0 4 0 0 0 0 0 4 0 0 0 0 3 3 0 3 0 0 4 0 0 2 2 0 0 0 3 3 3 0 0 1 1 1 0 0 1 1 1 0 0 0 4 0 4 0 4 2 2 2 2 2 2 2 0 0 0 0 0 0 0 1 1 1 1 1 1 3 3 0 0 0 0 0 4 0 2
1 0 0 0 3 0 0 0 0 0 0 0 0 0 0 0 0 0 1 0 0 0 0 0 4 0 2 0 2 0 0 0 0 0 0 0 0 0 0 0 0 0 0 1 0 3 0 0 0 0 0 4 0 0 0 0 0 4 0 0 0 0 3 3 0 3 0 0 4 0 0 2 2 0 0 0 3 3 3 0 0 1 1 1 0 0 1 1 1 0 0 0 4 0 4 0 4 2 2 2 2 2 2 2 2 0 0 0 0 0 1 1 1 1 1 1 1 3 3 0 0 0 0 0 4 0 2
1 0 0 0 3 0 0 0 0 0 0 0 0 0 0 0 0 0 1 0 0 0 0 0 4 0 2 0 2 0 0 0 2 0 0 0 0 0 0 0 0 0 0 1 0 3 0 0 0 0 0 4 0 0 0 0 0 4 0 0 0 0 3 3 0 3 0 4 4 0 0 2 2 0 0 0 3 3 3 3 0 1 1 1 0 0 1 1 1 0 0 0 4 0 4 0 4 2 2 2 2 2 2 2 2 0 0 0 0 0 1 1 1 1 1 1 1 3 3 0 0 0 0 0 4 0 2
3 0 0 0 3 0 0 0 0 0 0 0 0 0 0 0 0 0 1 0 0 0 0 0 4 0 2 0 2 0 0 0 2 0 0 0 0 0 0 0 0 0 0 1 0 3 0 0 0 0 0 4 0 0 0 0 0 4 0 0 0 0 3 3 0 3 0 4 4 0 0 2 2 0 0 0 3 3 3 3 0 1 1 1 0 0 1 1 1 0 0 0 4 0 4 0 4 2 2 2 2 2 2 2 2 0 0 0 0 0 1 1 1 1 1 1 1 3 3 0 0 0 0 0 4 2 2
4 0 0 0 3 0 0 0 0 0 0 0 0 0 0 0 0 0 1 0 0 0 0 0 4 0 2 0 2 0 0 0 2 0 0 0 0 0 0 0 0 0 0 1 0 3 0 0 0 0 0 4 0 0 0 0 0 4 0 0 0 0 3 3 0 3 0 4 4 0 0 2 2 2 0 0 3 3 3 3 0 1 1 1 0 0 1 1 1 0 0 0 4 3 4 0 4 2 2 2 2 2 2 2 2 0 0 0 0 1 1 1 1 1 1 1 1 3 3 0 0 0 0 0 4 2 2
4 0 0 0 3 0 0 0 0 0 0 0 0 0 0 0 0 0 1 0 0 0 0 0 4 0 2 0 2 0 0 0 2 0 0 0 0 0 0 0 0 0 0 1 0 3 0 0 0 0 0 4 0 0 0 0 0 4 2 0 0 2 3 3 0 3 0 4 4 0 0 2 2 2 0 0 3 3 3 3 0 1 1 1 0 0 1 1 1 0 0 0 4 3 4 0 4 2 2 2 2 2 2 2 2 0 0 0 1 1 1 1 1 1 1 1 1 3 3 0 0 0 0 0 4 2 2
4 0 0 0 3 0 0 0 0 0 0 0 0 0 0 0 0 0 1 0 0 0 0 0 4 0 2 0 2 0 0 0 2 0 0 0 0 0 0 0 0 0 0 1 0 3 0 0 0 0 0 4 0 0 0 0 0 4 2 0 0 2 3 3 0 3 0 4 4 0 0 2 2 2 0 0 3 3 3 3 0 1 1 1 0 0 1 1 1 0 0 0 4 3 4 0 4 2 2 2 2 2 2 2 2 0 0 0 1 1 1 1 1 1 1 1 1 3 3 0 0 0 0 0 4 2 2
2 0 0 0 3 0 0 0 0 0 0 0 0 0 0 1 0 0 1 0 0 0 0 0 4 0 2 0 2 0 0 0 2 0 0 0 0 0 0 0 0 0 0 1 0 3 0 0 0 0 0 4 0 0 0 0 0 4 2 4 0 2 3 3 0 3 0 4 4 0 0 2 2 2 3 0 3 3 3 3 0 1 1 1 0 0 1 1 1 0 0 0 4 3 4 0 4 2 2 2 2 2 2 2 2 0 0 0 1 1 1 1 1 1 1 1 1 3 3 0 0 0 0 0 4 2 2
4 0 0 0 3 0 0 0 0 0 0 0 0 0 0 1 0 0 1 0 0 0 0 0 4 0 2 0 2 0 0 0 2 0 0 0 0 0 0 1 0 0 0 1 0 3 0 0 0 0 0 4 0 0 0 0 0 4 2 4 0 2 3 3 0 3 0 4 4 0 0 2 2 2 3 0 3 3 3 3 0 1 1 1 0 0 1 1 1 4 0 0 4 3 4 0 4 2 2 2 2 2 2 2 2 0 0 0 1 1 1 1 1 1 1 1 1 3 3 0 0 0 0 0 4 2 2
2 0 0 0 3 0 0 0 0 0 0 0 0 0 0 1 0 0 1 0 0 0 0 0 4 0 2 0 2 0 0 0 2 0 0 0 0 0 0 1 0 0 0 1 0 3 0 0 0 0 0 4 0 0 0 0 0 4 2 4 0 2 3 3 0 3 0 4 4 0 0 2 2 2 3 0 3 3 3 3 0 1 1 1 0 0 1 1 1 4 0 0 4 3 4 0 4 2 2 2 2 2 2 2 2 3 0 0 1 1 1 1 1 1 1 1 1 3 3 0 0 0 0 0 4 2 2
1 0 0 0 0 0 0 0 0 0 0 0 0 0 0 0 0 0 0 0 0 0 0 0 0 0 0 0 0 0 0 0 0 0 0 0 0 0 0 0 0 0 0 0 0 0 0 0 0 0 0 0 0 0 0 0 0 0 0 0 0 0 0 0 0 0 0 0 0 0 0 0 0 0 0 0 0 0 0 0 0 0 0 0 0 0 0 0 0 0 0 0 0 0 0 0 0 0 0 0 0 0 0 0 0 0 0 0 0 0 0 0 0 0 0 0 0 0 0 0 0 0 0 0 0 0 0
1 0 0 0 0 0 0 0 0 0 0 0 0 3 0 0 0 0 2 0 0 0 0 0 3 0 1 0 0 0 0 0 0 0 0 0 4 0 0 2 0 0 0 0 0 1 0 4 0 0 0 0 0 0 0 0 0 0 0 0 0 0 0 3 0 0 0 0 0 0 0 0 0 0 0 0 0 0 0 0 0 0 0 0 0 0 0 2 0 0 0 0 0 0 0 0 3 1 0 0 0 0 0 0 0 0 0 0 0 4 0 0 2 0 0 1 0 0 0 4 4 4 0 0 0 0 0
4 0 0 0 0 0 0 0 0 0 0 0 0 3 0 0 0 0 2 0 0 0 0 0 3 0 1 0 0 0 0 0 0 0 0 0 4 0 0 2 0 0 0 0 0 1 0 4 0 0 0 0 0 0 0 0 0 0 0 0 0 0 0 3 0 0 0 0 0 0 0 0 0 0 0 0 0 0 0 0 0 0 0 0 0 0 0 2 1 0 0 0 0 0 0 0 3 1 0 0 0 0 0 0 0 0 0 0 0 4 0 0 2 0 0 1 0 0 0 4 4 4 0 0 0 0 0
1 0 0 0 0 0 0 0 0 0 0 0 0 3 0 0 0 0 2 0 0 0 0 0 3 0 1 0 0 0 0 0 0 0 0 0 4 0 0 2 0 0 0 0 0 1 0 4 0 0 0 0 0 0 0 0 0 0 0 0 0 0 0 3 0 0 1 0 0 0 0 0 0 0 0 0 0 0 0 0 0 0 0 0 1 0 0 2 1 0 0 0 0 0 0 0 3 1 0 0 0 0 0 0 0 0 0 0 0 4 0 0 2 0 0 1 0 0 0 4 4 4 4 0 0 0 0
2 0 0 0 0 0 0 0 0 0 0 0 0 3 0 0 0 0 2 0 0 0 0 0 3 0 1 0 0 0 0 0 0 0 0 0 4 0 0 2 0 0 0 0 0 1 0 4 0 0 0 0 0 0 0 0 0 0 0 0 0 0 0 3 1 0 1 0 0 0 0 0 0 0 0 0 3 0 0 0 0 0 0 0 1 0 0 2 1 0 0 0 0 0 0 0 3 1 0 0 0 0 0 0 0 0 0 0 0 4 0 0 2 0 0 1 0 0 0 4 4 4 4 4 0 0 0
3 0 0 0 0 0 0 0 0 0 0 0 0 3 0 0 0 0 2 0 0 0 0 0 3 0 1 0 0 0 0 0 0 0 0 0 4 0 0 2 0 0 0 0 0 1 0 4 0 0 0 0 0 0 0 0 0 0 0 0 0 0 0 3 1 0 1 0 0 0 0 0 0 0 0 0 3 0 0 0 0 0 0 0 1 0 0 2 1 0 0 0 0 0 0 0 3 1 0 0 0 0 0 0 0 0 0 0 0 4 0 0 2 0 0 1 0 0 0 4 4 4 4 4 0 0 0
2 0 0 0 0 0 0 0 0 0 0 0 0 3 0 0 0 0 2 0 0 0 0 0 3 0 1 0 0 0 0 0 0 0 0 0 4 0 0 2 0 0 0 0 0 1 0 4 0 0 0 0 0 0 0 0 0 0 0 0 0 0 0 3 1 0 1 0 0 0 0 0 0 0 0 0 3 0 0 0 0 0 0 0 1 0 2 2 1 0 0 4 0 0 0 0 3 1 1 0 0 0 0 0 0 0 0 0 0 4 4 2 2 0 0 1 0 0 0 4 4 4 4 4 0 0 3
4 0 0 0 0 0 0 0 0 0 0 0 0 3 0 0 0 0 2 0 0 0 0 0 3 0 1 0 0 0 0 0 0 0 0 0 4 0 0 2 0 0 0 0 0 1 0 4 0 0 0 0 0 0 0 0 0 0 0 0 0 0 0 3 1 1 1 0 0 0 0 0 0 0 0 0 3 0 0 0 0 0 0 0 1 0 2 2 1 0 0 4 0 0 0 0 3 1 1 0 0 0 0 0 0 0 0 0 0 4 4 2 2 0 0 1 0 0 0 4 4 4 4 4 0 0 3
3 0 0 0 0 0 0 0 0 0 0 0 0 3 0 0 0 0 2 0 0 0 0 0 3 0 1 0 0 0 0 0 0 0 0 0 4 0 0 2 0 0 0 0 0 1 0 4 0 0 0 0 0 0 0 0 0 0 0 0 3 0 0 3 1 1 1 0 0 0 0 0 0 0 0 0 3 0 0 0 0 0 4 0 1 0 2 2 1 0 0 4 0 0 0 0 3 1 1 0 0 0 0 0 0 0 0 0 0 4 4 2 2 0 0 1 0 0 0 4 4 4 4 4 0 0 3
3 0 0 0 0 0 0 0 0 0 0 0 0 3 0 0 0 0 2 0 0 0 0 0 3 0 1 0 0 0 0 0 0 0 0 0 4 0 0 2 0 0 0 0 0 1 0 4 0 0 0 0 0 0 0 0 1 0 0 0 3 0 3 3 1 1 1 0 0 0 0 0 0 0 0 0 3 0 0 0 0 0 4 0 1 0 2 2 1 0 0 4 0 0 0 0 3 1 1 0 0 0 0 0 0 0 0 0 0 4 4 2 2 0 0 1 0 0 0 4 4 4 4 4 0 0 3
2 0 0 0 0 0 0 0 0 0 0 0 0 3 0 0 0 0 2 0 0 0 0 0 3 0 1 0 0 0 0 0 0 0 0 0 4 0 0 2 0 0 0 0 0 1 0 4 0 0 0 0 0 0 0 0 1 1 0 0 3 0 3 3 1 1 1 0 0 0 0 0 0 0 0 0 3 0 0 0 0 4 4 0 1 0 2 2 1 0 0 4 0 0 0 0 3 1 1 0 0 0 0 0 0 0 0 0 0 4 4 2 2 0 0 1 0 0 0 4 4 4 4 4 0 3 3
1 0 0 0 0 0 0 0 0 0 0 0 0 3 0 0 0 0 2 0 0 0 0 0 3 0 1 0 0 0 0 0 0 0 0 0 4 0 0 2 0 0 0 0 0 1 0 4 4 0 0 0 0 0 0 0 1 1 0 0 3 0 3 3 1 1 1 0 0 0 1 0 0 0 0 0 3 0 0 0 0 4 4 0 1 0 2 2 1 0 0 4 0 0 0 0 3 1 1 0 0 0 0 0 0 0 0 0 0 4 4 2 2 2 0 1 0 0 0 4 4 4 4 4 0 3 3
1 0 0 0 0 0 0 0 0 0 0 0 0 3 0 4 0 0 2 0 0 0 0 0 3 0 1 0 0 0 0 0 0 0 0 0 4 0 0 2 0 0 0 0 0 1 0 4 4 0 0 0 0 0 0 1 1 1 0 0 3 0 3 3 1 1 1 0 3 0 1 0 0 0 0 0 3 0 0 0 0 4 4 0 1 0 2 2 1 4 0 4 0 0 0 4 3 1 1 0 0 0 0 0 0 0 0 0 0 4 4 2 2 2 0 1 0 0 0 4 4 4 4 4 0 3 3
3 0 0 0 0 0 0 0 0 0 0 0 0 3 0 4 0 0 2 0 0 0 0 0 3 0 1 0 0 0 0 0 0 0 0 0 4 0 0 2 0 0 0 0 0 1 0 4 4 0 0 0 0 0 0 1 1 1 0 0 3 0 3 3 1 1 1 3 3 0 1 0 0 0 0 0 3 0 0 4 0 4 4 2 1 0 2 2 1 4 0 4 0 0 0 4 3 1 1 0 0 0 0 0 0 0 0 0 0 4 4 2 2 2 0 1 0 0 0 4 4 4 4 4 0 3 3
3 0 0 0 0 0 0 0 0 0 0 0 0 3 0 4 0 0 2 0 0 0 0 0 3 0 1 0 0 0 0 0 0 0 0 0 4 0 0 2 0 0 0 0 0 1 0 4 4 0 0 0 0 0 0 1 1 1 0 1 3 0 3 3 1 1 1 3 3 0 1 0 0 0 0 0 3 0 0 4 0 4 4 2 1 1 2 2 1 4 0 4 0 0 0 4 3 1 1 0 0 0 0 0 0 0 0 0 0 4 4 2 2 2 2 1 2 0 0 4 4 4 4 4 0 3 3
4 0 0 0 0 0 0 0 0 0 0 0 0 3 0 4 0 0 2 0 0 0 0 0 3 0 1 0 0 0 0 0 0 0 0 0 4 0 0 2 0 0 0 0 0 1 0 4 4 0 0 0 0 0 0 1 1 1 3 1 3 3 3 3 1 1 1 3 3 0 1 0 0 0 0 0 3 3 0 4 0 4 4 2 1 1 2 2 1 4 0 4 0 0 0 4 3 1 1 0 0 0 0 0 0 0 0 0 0 4 4 2 2 2 2 1 2 0 0 4 4 4 4 4 0 3 3
2 0 0 0 0 0 0 0 0 0 0 0 0 3 0 4 0 0 2 0 0 0 0 0 3 0 1 0 0 0 0 0 0 0 0 0 4 0 0 2 0 0 0 0 0 1 0 4 4 0 0 0 0 0 0 1 1 1 3 1 3 3 3 3 1 1 1 3 3 0 1 0 0 0 0 0 3 3 0 4 0 4 4 2 1 1 2 2 1 4 0 4 0 0 0 4 3 1 1 0 0 0 0 0 0 3 0 0 0 4 4 2 2 2 2 1 2 0 4 4 4 4 4 4 0 3 3
4 0 0 0 0 0 0 0 0 0 0 0 0 3 0 4 0 0 2 0 0 0 0 0 3 0 1 0 0 0 0 0 0 0 0 0 4 0 0 2 0 0 0 0 0 1 0 4 4 0 0 0 0 0 0 1 1 1 3 1 3 3 3 3 1 1 1 3 3 0 1 0 0 0 0 0 3 3 0 4 0 4 4 2 1 1 2 2 1 4 0 4 0 0 0 4 3 1 1 0 0 0 0 0 0 3 0 0 4 4 4 2 2 2 2 1 2 0 4 4 4 4 4 4 0 3 3
3 0 0 0 0 0 0 0 0 0 0 0 0 3 0 4 0 0 2 0 0 4 0 0 3 0 1 0 0 0 0 0 0 0 0 0 4 0 0 2 0 0 0 0 0 1 0 4 4 0 0 0 0 0 0 1 1 1 3 1 3 3 3 3 1 1 1 3 3 0 1 0 0 0 0 0 3 3 0 4 0 4 4 2 1 1 2 2 1 4 0 4 0 0 0 4 3 1 1 1 0 0 0 0 0 3 0 0 4 4 4 2 2 2 2 1 2 0 4 4 4 4 4 4 0 3 3
2 0 0 0 0 1 0 0 0 0 0 0 0 3 0 4 0 0 2 0 0 4 0 0 3 0 1 0 0 0 0 0 0 0 0 0 4 0 0 2 0 0 0 0 0 1 0 4 4 0 0 0 0 0 0 1 1 1 3 1 3 3 3 3 1 1 1 3 3 0 1 0 0 0 0 0 3 3 0 4 0 4 4 2 1 1 2 2 1 4 0 4 0 0 0 4 3 1 1 1 0 0 0 0 0 3 0 0 4 4 4 2 2 2 2 1 2 0 4 4 4 4 4 4 0 3 3
1 0 0 0 0 1 0 0 0 0 0 0 0 3 0 4 0 0 2 0 0 4 0 0 3 0 1 0 0 0 0 0 0 0 0 0 4 0 0 2 0 0 0 0 0 1 0 4 4 0 0 0 0 0 0 1 1 1 3 1 3 3 3 3 1 1 1 3 3 0 1 0 0 0 0 0 3 3 0 4 0 4 4 2 1 1 2 2 1 4 0 4 0 0 0 4 3 1 1 1 0 0 0 0 3 3 0 0 4 4 4 2 2 2 2 1 2 0 4 4 4 4 4 4 0 3 3
2 0 0 0 0 1 0 0 0 0 0 0 0 3 0 4 0 0 2 0 0 4 0 0 3 0 1 0 0 0 0 0 0 0 0 0 4 0 0 2 0 0 0 0 0 1 0 4 4 0 0 4 0 0 1 1 1 1 3 1 3 3 3 3 1 1 1 3 3 0 1 0 0 0 0 0 3 3 0 4 0 4 4 2 1 1 2 2 1 4 0 4 0 0 0 4 3 1 1 1 0 0 0 0 3 3 0 0 4 4 4 2 2 2 2 1 2 0 4 4 4 4 4 4 0 3 3
4 0 0 0 0 1 0 0 1 0 0 0 0 3 0 4 0 0 2 0 0 4 0 0 3 0 1 0 0 0 0 0 0 0 0 0 4 0 0 2 0 0 0 0 0 1 0 4 4 0 0 4 0 0 1 1 1 1 3 1 3 3 3 3 1 1 1 3 3 0 1 0 0 0 0 0 3 3 0 4 0 4 4 2 1 1 2 2 1 4 0 4 0 0 0 4 3 1 1 1 0 0 0 0 3 3 0 0 4 4 4 2 2 2 2 1 2 0 4 4 4 4 4 4 0 3 3
4 0 0 0 0 1 0 0 1 0 0 0 0 3 0 4 0 0 2 0 0 4 0 0 3 0 1 0 0 0 0 0 0 0 0 0 4 0 0 2 0 0 0 0 0 1 0 4 4 0 0 4 0 0 1 1 1 1 3 1 3 3 3 3 1 1 1 3 3 0 1 0 0 0 0 0 3 3 0 4 0 4 4 2 1 1 2 2 1 4 0 4 0 0 0 4 3 1 1 1 0 0 0 0 3 3 0 0 4 4 4 2 2 2 2 1 2 0 4 4 4 4 4 4 0 3 3
1 0 0 0 0 1 0 0 1 0 0 0 0 3 0 4 0 0 2 0 0 4 0 0 3 0 1 0 0 0 0 0 0 0 0 0 4 0 0 2 0 0 0 0 0 1 0 4 4 0 0 4 0 0 1 1 1 1 3 1 3 3 3 3 1 1 1 3 3 0 1 0 0 0 3 0 3 3 0 4 0 4 4 2 1 1 2 2 1 4 0 4 0 0 0 4 3 1 1 1 0 0 0 0 3 3 0 0 4 4 4 2 2 2 2 1 2 0 4 4 4 4 4 4 0 3 3
1 0 0 0 0 0 0 0 0 0 0 0 0 0 0 0 0 0 0 0 0 0 0 0 0 0 0 0 0 0 0 0 0 0 0 0 0 0 0 0 0 0 0 0 0 0 0 0 0 0 0 0 0 0 0 0 0 0 0 0 0 0 0 0 0 0 0 0 0 0 0 0 0 0 0 0 0 0 0 0 0 0 0 0 0 0 0 0 0 0 0 0 0 0 0 0 0 0 0 0 0 0 0 0 0 0 0 0 0 0 0 0 0 0 0 0 0 0 0 0 0 0 0 0 0 0 0
4 0 0 0 0 0 0 0 0 0 0 0 0 4 0 0 0 0 0 0 3 0 0 0 1 0 0 2 0 0 0 0 0 0 0 0 0 2 0 0 3 4 0 0 0 0 0 0 0 0 0 1 0 0 0 0 0 0 0 0 0 0 0 0 0 0 0 1 1 1 0 0 0 0 0 0 4 0 0 0 0 0 0 0 0 0 0 0 0 3 0 3 0 0 0 0 1 0 0 0 2 0 0 0 0 0 0 0 0 0 2 0 3 0 4 0 0 0 0 0 0 0 0 0 1 0 1
3 0 0 0 0 0 0 0 0 0 0 0 0 4 0 0 0 0 0 0 3 0 0 0 1 0 0 2 0 0 0 0 0 0 0 0 0 2 0 0 3 4 0 0 0 0 0 0 0 0 0 1 0 0 0 0 0 0 0 0 0 0 0 0 0 0 0 1 1 1 0 0 2 0 0 0 4 0 0 0 0 0 0 0 0 0 0 0 0 3 0 3 0 0 0 0 1 1 1 0 2 0 0 0 0 0 0 0 0 0 2 0 3 3 4 0 0 0 0 0 0 0 0 0 1 0 1
4 0 0 0 0 0 0 0 0 0 0 0 0 4 0 0 0 0 0 0 3 0 0 0 1 0 0 2 0 0 0 0 0 0 0 0 0 2 0 0 3 4 0 0 0 0 0 0 0 0 0 1 0 0 0 0 0 0 0 0 0 1 0 0 0 0 0 1 1 1 1 1 2 1 4 0 4 0 0 0 0 0 0 0 0 0 0 0 0 3 0 3 0 0 0 0 1 1 1 2 2 0 0 0 0 0 0 0 0 2 2 2 3 3 4 0 0 0 0 3 0 0 0 0 1 0 1
3 0 0 0 0 0 0 0 0 0 0 0 0 4 0 0 0 0 0 0 3 0 0 0 1 0 0 2 0 0 0 0 0 0 0 0 0 2 0 0 3 4 0 0 0 0 0 0 0 0 0 1 0 0 0 0 0 0 0 0 0 1 0 0 0 0 0 1 1 1 1 1 2 1 4 0 4 0 0 0 0 0 0 0 0 0 0 0 0 3 0 3 0 0 1 0 1 1 1 2 2 0 0 0 0 0 0 0 0 2 2 2 3 3 4 0 3 0 0 3 3 0 0 1 1 1 1
1 0 0 0 0 0 0 0 0 0 0 0 0 4 0 0 0 0 0 0 3 0 0 0 1 0 0 2 0 0 0 0 0 0 0 0 0 2 0 0 3 4 0 0 0 0 0 0 0 0 0 1 0 0 0 0 0 0 0 0 0 1 0 0 0 0 0 1 1 1 1 1 2 1 4 0 4 0 0 0 0 0 0 0 0 0 0 0 0 3 0 3 0 0 1 0 1 1 1 2 2 0 0 0 0 0 0 0 0 2 2 2 3 3 4 0 3 0 0 3 3 0 0 1 1 1 1
3 0 0 0 0 0 0 0 0 0 0 0 0 4 0 0 0 0 0 0 3 0 0 0 1 0 0 2 0 0 0 0 0 0 0 0 0 2 0 0 3 4 0 0 0 0 0 0 0 0 0 1 0 0 0 0 0 3 0 0 0 1 0 0 0 0 0 1 1 1 1 1 2 1 4 0 4 0 0 0 0 0 0 0 0 0 0 0 0 3 0 3 0 0 1 0 1 1 1 2 2 0 0 0 0 0 0 0 0 2 2 2 3 3 4 0 3 0 0 3 3 0 0 1 1 1 1
4 0 0 0 0 0 0 0 0 0 0 1 0 4 0 0 0 0 0 0 3 0 0 0 1 0 0 2 0 0 0 0 0 0 0 0 0 2 0 0 3 4 0 0 0 0 0 0 0 0 0 1 0 0 0 0 0 3 0 0 0 1 0 4 0 0 0 1 1 1 1 1 2 1 4 0 4 0 0 0 0 0 2 0 0 0 0 0 0 3 0 3 0 0 1 0 1 1 1 2 2 0 0 0 0 0 0 0 0 2 2 2 3 3 4 0 3 0 0 3 3 0 0 1 1 1 1
1 0 0 0 0 0 0 0 0 1 0 1 0 4 0 0 0 0 0 0 3 0 0 0 1 0 0 2 0 0 0 0 0 0 0 0 0 2 0 0 3 4 0 0 0 0 0 0 0 0 0 1 0 0 0 0 0 3 0 0 0 1 0 4 0 0 0 1 1 1 1 1 2 1 4 0 4 0 0 2 0 0 2 0 0 0 0 0 4 3 0 3 0 0 1 0 1 1 1 2 2 0 0 0 0 0 0 0 0 2 2 2 3 3 4 0 3 0 0 3 3 0 0 1 1 1 1
4 0 0 1 0 0 0 0 0 1 0 1 0 4 0 0 0 0 0 0 3 0 0 0 1 0 0 2 0 0 0 0 0 0 0 0 0 2 0 0 3 4 0 0 0 0 0 0 0 0 0 1 0 0 0 0 0 3 0 0 0 1 0 4 0 0 0 1 1 1 1 1 2 1 4 0 4 0 0 2 0 0 2 0 0 0 0 0 4 3 0 3 0 0 1 0 1 1 1 2 2 0 0 0 0 0 0 0 0 2 2 2 3 3 4 0 3 0 0 3 3 3 0 1 1 1 1
3 0 0 4 0 0 0 0 1 0 0 0 3 0 0 0 0 0 0 0 0 0 0 0 0 0 3 0 0 0 0 2 0 0 0 0 0 0 0 2 0 4 0 0 0 0 0 1 0 0 0 0 0 0 0 0 0 0 0 0 0 4 0 0 0 0 0 0 0 1 0 0 0 0 0 0 3 0 0 0 0 0 0 0 0 0 0 0 0 0 0 1 0 0 0 0 0 3 0 0 0 0 0 0 2 0 0 0 0 0 0 0 2 2 0 4 0 0 0 0 0 0 0 0 0 0 0
4 0 0 4 0 0 0 0 1 0 0 0 3 0 0 0 0 0 0 0 0 0 0 0 0 0 3 0 0 0 0 2 0 0 0 0 0 0 0 2 0 4 0 0 0 0 0 1 0 0 0 0 0 0 0 0 0 0 0 0 4 4 0 0 0 0 0 0 0 1 0 0 1 0 0 0 3 0 0 0 0 0 0 0 0 0 0 0 0 0 0 1 0 0 0 0 0 3 3 3 0 0 0 0 2 0 0 0 0 0 0 0 2 2 0 4 0 4 0 0 0 0 0 0 0 0 0
4 0 0 4 0 0 0 0 1 0 0 0 3 0 0 0 0 0 0 0 0 0 0 0 0 0 3 0 0 0 0 2 0 0 0 0 0 0 0 2 0 4 0 0 0 0 0 1 0 0 0 0 0 0 0 0 0 0 0 0 4 4 0 0 0 0 0 0 0 1 0 4 1 0 0 0 3 0 0 0 0 0 0 0 0 0 0 2 4 0 0 1 0 0 0 0 0 3 3 3 0 0 0 0 2 0 0 0 0 0 0 0 2 2 4 4 0 4 0 0 0 0 0 0 0 0 0
4 0 0 4 0 0 0 0 1 0 0 0 3 0 0 0 0 0 0 0 0 0 0 0 0 0 3 0 0 0 0 2 0 0 0 0 0 0 0 2 0 4 0 0 0 0 0 1 0 0 0 0 0 0 0 0 0 0 0 0 4 4 0 0 0 0 0 0 0 1 0 4 1 0 0 0 3 0 0 0 0 0 0 0 0 0 2 2 4 0 0 1 0 0 0 0 0 3 3 3 0 0 0 0 2 0 0 0 0 0 0 0 2 2 4 4 0 4 0 0 0 0 0 0 0 0 0
1 0 0 4 0 0 0 0 1 0 0 0 3 0 0 0 0 0 0 0 0 0 0 0 0 0 3 0 0 0 0 2 0 0 0 0 0 0 0 2 0 4 0 0 0 0 0 1 0 0 0 0 0 0 0 0 0 0 0 0 4 4 0 0 0 0 0 0 0 1 0 4 1 0 0 0 3 3 0 0 0 0 0 0 2 0 2 2 4 0 0 1 0 4 0 0 0 3 3 3 3 0 0 0 2 0 0 0 0 0 0 0 2 2 4 4 0 4 0 0 0 0 0 0 0 0 0
4 0 0 4 0 0 0 0 1 0 0 0 3 0 0 0 0 0 0 0 0 0 0 0 0 0 3 0 0 0 0 2 0 0 0 0 0 0 0 2 0 4 0 0 0 0 0 1 0 0 0 0 0 0 0 0 0 0 0 0 4 4 0 0 0 0 0 0 0 1 0 4 1 0 0 0 3 3 0 0 0 0 0 0 2 0 2 2 4 0 0 1 0 4 0 0 0 3 3 3 3 0 0 2 2 0 0 0 0 0 0 0 2 2 4 4 0 4 0 0 0 0 0 0 0 0 0
4 0 0 4 0 0 0 0 1 0 0 0 3 0 0 0 0 0 0 0 0 0 0 0 0 0 3 0 0 0 0 2 0 0 0 0 0 0 0 2 0 4 0 0 0 0 0 1 0 0 0 0 0 0 0 0 0 0 0 0 4 4 0 0 0 0 0 0 0 1 0 4 1 0 0 0 3 3 0 0 0 0 0 0 2 0 2 2 4 0 0 1 0 4 0 0 0 3 3 3 3 0 0 2 2 0 3 0 0 0 0 2 2 2 4 4 2 4 0 0 0 0 0 0 0 0 0
2 0 0 4 0 0 0 0 1 0 0 0 3 0 0 0 0 0 0 0 0 0 0 0 0 0 3 0 0 0 0 2 0 0 0 0 0 0 0 2 0 4 0 0 0 0 0 1 0 0 0 0 0 0 0 0 0 0 0 0 4 4 0 0 0 0 0 0 0 1 0 4 1 0 0 2 3 3 0 0 0 0 0 0 2 0 2 2 4 0 0 1 0 4 0 0 0 3 3 3 3 0 0 2 2 0 3 0 0 0 0 2 2 2 4 4 2 4 0 0 0 0 0 0 0 0 0
3 0 0 4 0 0 0 0 1 0 0 0 3 0 0 0 0 0 0 0 0 0 0 0 0 0 3 0 0 0 0 2 0 0 0 0 0 0 0 2 0 4 0 0 0 0 0 1 0 0 0 0 0 0 0 0 0 0 0 0 4 4 0 4 0 0 0 0 0 1 0 4 1 0 0 2 3 3 0 0 0 0 0 0 2 0 2 2 4 0 0 1 0 4 0 0 0 3 3 3 3 0 2 2 2 0 3 0 0 0 0 2 2 2 4 4 2 4 0 0 0 0 0 0 0 0 0
3 0 0 4 0 0 0 0 1 0 0 0 3 0 0 0 0 0 0 0 0 0 0 0 0 0 3 0 0 0 0 2 0 0 0 0 0 0 0 2 0 4 2 0 0 0 0 1 0 0 0 0 0 0 0 0 0 0 0 0 4 4 0 4 0 0 0 0 0 1 0 4 1 2 0 2 3 3 0 0 0 0 0 0 2 0 2 2 4 0 0 1 0 4 0 0 0 3 3 3 3 0 2 2 2 0 3 0 0 0 0 2 2 2 4 4 2 4 0 0 0 0 0 0 0 0 0
4 0 0 4 0 0 0 0 1 0 0 0 3 0 0 0 0 0 0 0 0 0 0 0 0 0 3 0 0 0 0 2 0 0 0 0 0 0 0 2 0 4 2 0 0 0 0 1 0 0 0 0 0 0 0 0 0 0 0 0 4 4 0 4 0 0 0 0 0 1 0 4 1 2 0 2 3 3 0 0 0 0 0 0 2 0 2 2 4 0 0 1 0 4 0 0 0 3 3 3 3 0 2 2 2 2 3 0 0 0 0 2 2 2 4 4 2 4 0 0 0 0 0 0 0 0 0
3 0 0 4 0 0 0 0 1 0 0 0 3 0 0 0 0 0 0 0 0 0 0 0 0 0 3 0 0 0 0 2 0 0 0 0 0 0 0 2 0 4 2 0 0 0 0 1 0 0 0 0 0 0 0 0 0 0 0 0 4 4 0 4 0 0 0 0 0 1 0 4 1 2 0 2 3 3 4 4 0 0 2 2 2 0 2 2 4 0 0 1 0 4 0 0 0 3 3 3 3 0 2 2 2 2 3 0 0 0 0 2 2 2 4 4 2 4 0 1 0 1 0 0 0 0 0
2 0 0 4 0 0 0 0 1 0 0 0 3 0 0 0 0 0 0 0 0 0 0 0 0 0 3 0 0 0 0 2 0 0 0 0 0 0 0 2 0 4 2 0 0 0 0 1 0 0 0 0 0 0 0 0 0 0 0 0 4 4 0 4 0 0 0 1 0 1 0 4 1 2 0 2 3 3 4 4 0 0 2 2 2 0 2 2 4 0 0 1 0 4 0 0 0 3 3 3 3 1 2 2 2 2 3 0 0 0 0 2 2 2 4 4 2 4 4 1 0 1 0 0 0 0 0
1 0 0 4 0 0 0 0 1 0 0 0 3 0 0 0 0 0 0 0 0 0 0 0 0 0 3 0 0 0 0 2 0 0 0 0 0 0 0 2 0 4 2 0 0 0 0 1 0 0 0 0 0 0 0 0 0 0 0 0 4 4 4 4 0 0 0 1 0 1 0 4 1 2 0 2 3 3 4 4 4 0 2 2 2 0 2 2 4 0 0 1 0 4 0 0 0 3 3 3 3 1 2 2 2 2 3 0 0 0 0 2 2 2 4 4 2 4 4 1 0 1 0 0 0 0 0
3 0 0 4 0 0 0 0 1 0 0 0 3 0 0 0 0 0 0 0 0 0 0 0 0 0 3 0 0 0 0 2 0 0 0 0 0 0 0 2 0 4 2 0 0 0 0 1 0 0 0 0 0 0 0 0 0 0 0 1 4 4 4 4 0 0 0 1 0 1 3 4 1 2 0 2 3 3 4 4 4 0 2 2 2 0 2 2 4 0 0 1 0 4 0 0 0 3 3 3 3 1 2 2 2 2 3 0 0 0 0 2 2 2 4 4 2 4 4 1 0 1 0 0 0 0 3
1 0 0 4 0 0 0 0 1 0 0 0 3 0 0 0 0 0 0 0 0 0 0 0 0 0 3 0 0 0 0 2 0 0 0 0 0 0 0 2 0 4 2 0 0 0 0 1 0 0 0 0 0 0 0 0 0 0 0 1 4 4 4 4 0 0 0 1 0 1 3 4 1 2 0 2 3 3 4 4 4 0 2 2 2 0 2 2 4 0 0 1 0 4 0 0 0 3 3 3 3 1 2 2 2 2 3 0 0 0 0 2 2 2 4 4 2 4 4 1 0 1 0 0 0 0 3
1 0 0 4 0 4 0 0 1 0 0 0 3 0 0 0 0 0 0 0 0 0 0 0 0 0 3 0 0 0 0 2 0 0 0 0 0 0 0 2 0 4 2 0 0 0 0 1 0 0 0 0 0 0 0 0 0 0 0 1 4 4 4 4 0 0 0 1 0 1 3 4 1 2 0 2 3 3 4 4 4 0 2 2 2 0 2 2 4 0 0 1 0 4 0 0 0 3 3 3 3 1 2 2 2 2 3 0 4 0 0 2 2 2 4 4 2 4 4 1 0 1 0 0 0 3 3
1 0 0 4 0 4 0 0 1 0 0 0 3 0 0 4 0 0 0 0 0 0 0 0 0 0 3 0 0 0 0 2 0 0 0 0 0 0 0 2 0 4 2 0 0 0 0 1 0 0 0 0 0 0 0 0 0 0 0 1 4 4 4 4 0 0 0 1 0 1 3 4 1 2 0 2 3 3 4 4 4 0 2 2 2 0 2 2 4 0 0 1 0 4 0 0 3 3 3 3 3 1 2 2 2 2 3 3 4 0 0 2 2 2 4 4 2 4 4 1 0 1 0 0 0 3 3
